     0/272     4.42G      4.86      2.96         0      7.82         8       416         0         0         0         0      3.23     0.916         0
     1/272     4.51G       3.2      1.95         0      5.15         9       416         0         0         0         0      2.63     0.829         0
     2/272     4.51G      2.79       1.7         0       4.5         7       416     0.705     0.445      0.36     0.546      2.75     0.565         0
     3/272     4.51G      2.65      1.06         0      3.71         7       416     0.912     0.502     0.485     0.648      2.03     0.494         0
     4/272     4.52G      2.24     0.918         0      3.16         7       416     0.931     0.874     0.861     0.902      1.63     0.428         0
     5/272     4.52G      2.17     0.739         0      2.91         5       416     0.984      0.98     0.982     0.982       1.6     0.369         0
     6/272     4.52G       1.9     0.713         0      2.61         6       416     0.988         1     0.995     0.994      1.51     0.303         0
     7/272     4.52G      1.83      0.61         0      2.44         7       416     0.984         1     0.995     0.992      1.69     0.241         0
     8/272     4.52G      1.69     0.506         0      2.19         8       416      0.98         1     0.995      0.99      1.27     0.214         0
     9/272     4.52G      1.52     0.433         0      1.96         7       416     0.984         1     0.995     0.992      1.38      0.21         0
    10/272     4.52G      1.43     0.381         0      1.81         6       416     0.988         1     0.995     0.994      1.08     0.159         0
    11/272     4.52G      1.44     0.373         0      1.81         7       416         1         1     0.995         1      1.52     0.167         0
    12/272     4.52G      1.29     0.353         0      1.64         7       416     0.996         1     0.995     0.998     0.917     0.152         0
    13/272     4.52G      1.26     0.314         0      1.57         8       416         1         1     0.995         1      1.51     0.155         0
    14/272     4.52G      1.23       0.3         0      1.53         8       416     0.992         1     0.995     0.996      1.19     0.144         0
    15/272     4.52G      1.18     0.298         0      1.48         7       416     0.996         1     0.995     0.998     0.773     0.149         0
    16/272     4.52G      1.16     0.278         0      1.44         4       416         1         1     0.995         1     0.945     0.147         0
    17/272     4.52G       1.1     0.293         0      1.39         8       416     0.992         1     0.995     0.996     0.783     0.134         0
    18/272     4.52G      1.11     0.272         0      1.38         9       416         1         1     0.995         1     0.707     0.126         0
    19/272     4.52G      1.06     0.258         0      1.32         4       416     0.996         1     0.995     0.998     0.893     0.121         0
    20/272     4.52G      1.08     0.263         0      1.34         8       416     0.992         1     0.995     0.996     0.729     0.116         0
    21/272     4.52G      1.02     0.251         0      1.27         8       416     0.996         1     0.995     0.998         1     0.131         0
    22/272     4.52G      1.03     0.254         0      1.28         6       416         1         1     0.995         1      1.03     0.128         0
    23/272     4.52G     0.957     0.215         0      1.17         6       416         1         1     0.995         1      1.19     0.114         0
    24/272     4.52G      1.03     0.234         0      1.26         8       416         1         1     0.995         1     0.912     0.116         0
    25/272     4.52G     0.983     0.245         0      1.23         9       416         1         1     0.995         1      0.78     0.124         0
    26/272     4.52G     0.954     0.215         0      1.17         4       416         1         1     0.995         1     0.859     0.114         0
    27/272     4.52G     0.931     0.237         0      1.17         7       416         1         1     0.995         1     0.776    0.0967         0
    28/272     4.52G     0.912     0.211         0      1.12         9       416         1         1     0.995         1      1.01     0.116         0
    29/272     4.52G     0.903     0.218         0      1.12         7       416         1         1     0.995         1     0.796     0.103         0
    30/272     4.52G     0.859     0.214         0      1.07         6       416         1         1     0.995         1     0.836     0.107         0
    31/272     4.52G     0.902     0.196         0       1.1         7       416         1         1     0.995         1     0.651     0.104         0
    32/272     4.52G     0.799     0.203         0         1         6       416         1         1     0.995         1     0.723    0.0904         0
    33/272     4.52G     0.852     0.212         0      1.06        10       416         1         1     0.995         1     0.676    0.0974         0
    34/272     4.52G     0.818     0.211         0      1.03         8       416     0.996         1     0.995     0.998      1.01    0.0986         0
    35/272     4.52G     0.844     0.204         0      1.05         7       416         1         1     0.995         1      0.73     0.104         0
    36/272     4.52G     0.852      0.22         0      1.07         9       416         1         1     0.995         1     0.555    0.0909         0
    37/272     4.52G     0.782     0.189         0     0.971         8       416         1         1     0.995         1     0.668    0.0991         0
    38/272     4.52G     0.805     0.195         0     0.999         8       416         1         1     0.995         1     0.654     0.111         0
    39/272     4.52G     0.801     0.205         0      1.01         9       416         1         1     0.995         1     0.874    0.0922         0
    40/272     4.52G     0.762     0.206         0     0.968         8       416         1         1     0.995         1     0.476    0.0968         0
    41/272     4.52G     0.762     0.184         0     0.946         7       416         1         1     0.995         1     0.695     0.098         0
    42/272     4.52G     0.758     0.191         0     0.949         6       416     0.992         1     0.995     0.996     0.757    0.0837         0
    43/272     4.52G     0.754      0.19         0     0.944         8       416     0.992         1     0.995     0.996     0.619    0.0922         0
    44/272     4.52G     0.755     0.175         0     0.931         8       416         1         1     0.995         1     0.683    0.0828         0
