     0/299     1.27G    0.0692         0     0.539     0.679      1.29         4       608    0.00257     0.0285   0.000129    0.00446      0.488
     1/299     4.65G    0.0507         0     0.104     0.172     0.327         4       608      0.247      0.679      0.423      0.347      0.734
     2/299     4.68G     0.047         0    0.0654     0.207      0.32         4       608      0.332      0.989      0.914      0.494      0.211
     3/299     4.68G    0.0427         0    0.0485     0.137     0.228         4       608      0.452      0.985      0.943      0.615       0.18
     4/299     4.68G    0.0382         0    0.0385    0.0558     0.132         4       608      0.779      0.996      0.991      0.869      0.121
     5/299     4.68G    0.0331         0    0.0307    0.0187    0.0826         4       608      0.946      0.998      0.998      0.971     0.0924
     6/299     4.68G    0.0299         0    0.0258    0.0126    0.0684         4       608      0.981      0.999      0.999       0.99     0.0831
     7/299     4.68G    0.0291         0    0.0233     0.014    0.0664         4       608      0.987          1          1      0.993     0.0754
     8/299     4.68G    0.0281         0    0.0208    0.0174    0.0663         4       608      0.967      0.998      0.998      0.982     0.0776
     9/299     4.68G    0.0268         0    0.0189   0.00486    0.0505         4       608       0.99          1          1      0.995     0.0644
    10/299     4.68G    0.0257         0    0.0173   0.00705    0.0501         4       608       0.98      0.996      0.995      0.988     0.0841
    11/299     4.68G    0.0267         0    0.0166    0.0183    0.0616         4       608      0.989      0.997      0.997      0.993     0.0748
    12/299     4.68G    0.0272         0    0.0163    0.0326    0.0761         4       608      0.984      0.998      0.998      0.991       0.07
    13/299     4.68G    0.0261         0    0.0154    0.0235     0.065         4       608      0.992      0.996      0.996      0.994     0.0746
    14/299     4.68G    0.0257         0    0.0147    0.0197    0.0601         4       608      0.983          1          1      0.992     0.0645
    15/299     4.68G    0.0248         0    0.0139    0.0177    0.0564         4       608       0.99      0.998      0.998      0.994     0.0577
    16/299     4.68G    0.0237         0    0.0128   0.00457    0.0411         4       608      0.986          1          1      0.993     0.0525
    17/299     4.68G    0.0229         0    0.0122   0.00297     0.038         4       608      0.995          1          1      0.997       0.05
    18/299     4.68G    0.0223         0    0.0117   0.00148    0.0355         4       608      0.997          1          1      0.998     0.0491
    19/299     4.68G    0.0217         0     0.011   0.00123    0.0339         4       608      0.997          1          1      0.998     0.0454
    20/299     4.68G     0.021         0    0.0107    0.0012     0.033         4       608      0.997          1          1      0.999     0.0445
    21/299     4.68G    0.0205         0    0.0105   0.00123    0.0322         4       608      0.997          1          1      0.998     0.0435
    22/299     4.68G      0.02         0   0.00996   0.00127    0.0313         4       608      0.997          1          1      0.998     0.0442
    23/299     4.68G    0.0193         0   0.00976   0.00106    0.0301         4       608      0.998          1          1      0.999     0.0415
    24/299     4.68G    0.0192         0   0.00944   0.00102    0.0297         4       608      0.998          1          1      0.999     0.0421
    25/299     4.68G    0.0186         0    0.0093   0.00103    0.0289         4       608      0.998          1          1      0.999     0.0394
    26/299     4.68G    0.0187         0   0.00908   0.00103    0.0288         4       608      0.999          1          1      0.999     0.0389
    27/299     4.68G    0.0182         0    0.0089   0.00123    0.0283         4       608          1          1          1          1     0.0387
    28/299     4.68G    0.0179         0   0.00866   0.00087    0.0275         4       608          1          1          1          1     0.0384
    29/299     4.68G    0.0175         0   0.00855   0.00103    0.0271         4       608          1          1          1          1     0.0374
    30/299     4.68G    0.0174         0   0.00833  0.000904    0.0266         4       608      0.999          1          1          1     0.0372
    31/299     4.68G     0.017         0   0.00825    0.0017    0.0269         4       608      0.999          1          1          1     0.0371
    32/299     4.68G    0.0169         0   0.00825   0.00105    0.0262         4       608      0.999          1          1      0.999     0.0348
    33/299     4.68G    0.0166         0   0.00786   0.00089    0.0253         4       608          1          1          1          1     0.0354
    34/299     4.68G    0.0167         0   0.00792     0.001    0.0256         4       608          1          1          1          1     0.0388
    35/299     4.68G     0.016         0   0.00752  0.000849    0.0243         4       608          1          1          1          1     0.0345
    36/299     4.68G     0.016         0   0.00756  0.000826    0.0243         4       608          1          1          1          1     0.0351
    37/299     4.68G    0.0159         0   0.00726  0.000829     0.024         4       608          1          1          1          1     0.0345
